5 12 10 9 12 12 12 10 13 12 8 10 13 12 12 12 8 12 10 9 12 8 10 13 12 12 12 8 14 9 12 12 12 12 12 12 12 12 8 14 9 8 12 10 9 12 10 9 12 12 10 13 12 12 8 12 12 12 10 9 12 12 12 12 12 12 10 9 8 12 12 10 13 8 12 8 10 9 8 10 11 9 8 12 10 9 10 9 12 8 12 12 12 14 9 12 12 8 12 14 
9 14 3 5 8 10 11 5 12 12 6 5 12 12 12 12 6 9 6 3 11 3 5 10 9 12 10 5 10 5 10 13 12 8 12 12 10 9 6 9 6 5 10 3 5 10 5 6 13 10 5 12 12 12 6 13 12 10 5 6 9 12 12 8 12 14 3 3 3 13 12 4 10 1 14 3 3 3 3 3 3 3 3 13 6 3 5 6 11 5 12 12 12 12 6 9 10 5 12 10 
5 10 5 10 3 3 1 12 10 9 12 10 9 12 12 8 14 3 13 4 6 3 9 6 5 10 3 9 4 14 5 12 12 6 9 10 3 5 12 4 14 9 6 5 12 6 9 12 10 5 8 14 9 12 8 12 12 0 12 14 1 10 13 6 9 12 6 7 5 12 12 10 3 3 9 6 3 3 3 5 6 3 3 9 12 6 13 12 0 10 13 8 12 12 12 6 7 9 10 3 
9 2 9 6 7 3 1 14 5 4 14 3 3 9 10 5 10 3 9 12 10 3 5 12 10 3 3 3 9 12 8 12 12 10 7 3 3 9 10 9 8 6 13 8 12 12 4 10 5 10 5 10 3 11 3 9 12 6 9 12 6 5 12 10 3 9 10 9 12 12 12 6 3 7 3 9 6 3 5 12 12 6 3 5 10 9 8 12 6 5 10 3 9 10 9 10 9 6 3 3 
3 3 5 12 12 6 7 9 12 12 10 3 3 3 5 12 2 5 6 9 6 5 10 11 5 6 3 3 3 11 5 12 10 3 9 2 3 3 7 3 7 9 10 5 10 9 14 5 10 5 12 2 5 2 3 3 9 10 5 8 12 12 14 3 5 6 5 6 9 8 12 10 5 10 3 3 9 6 9 10 9 10 1 14 3 3 3 13 12 12 0 6 3 5 6 5 6 11 5 2 
3 5 14 9 12 12 8 6 11 9 6 5 6 3 13 12 6 9 12 6 9 12 6 1 12 14 1 6 3 5 8 10 3 5 6 7 3 1 10 5 12 6 5 10 5 2 9 10 5 10 11 3 9 6 3 5 6 5 10 3 9 12 10 5 12 12 12 12 6 5 10 5 10 3 3 7 5 10 7 3 3 5 6 9 6 3 3 9 12 10 3 9 6 13 12 12 12 4 10 3 
3 9 12 6 9 12 6 13 2 3 9 12 10 3 9 12 12 6 13 8 6 9 12 6 9 10 3 9 6 9 6 7 5 12 10 9 6 3 5 12 8 12 10 5 10 7 3 3 9 6 5 6 3 11 3 9 12 10 3 3 3 13 4 12 12 12 12 12 12 10 3 9 6 3 1 12 12 6 9 6 5 12 10 3 9 6 5 4 14 3 3 5 10 9 12 12 10 9 6 3 
3 3 13 10 5 12 12 10 3 3 1 10 5 6 5 10 9 8 12 6 11 1 10 9 6 5 6 3 11 1 12 12 12 10 3 5 10 3 11 9 6 11 1 14 3 9 6 5 6 9 12 12 6 3 5 6 11 3 7 3 3 9 12 10 9 10 13 8 12 6 3 3 9 6 3 13 12 12 2 9 10 9 2 3 5 14 9 10 9 6 5 10 5 6 11 9 6 1 12 6 
3 3 9 4 12 12 10 3 5 2 7 3 9 12 12 6 3 5 10 13 4 2 5 6 11 9 12 6 5 0 14 9 12 2 5 12 6 1 6 5 10 3 3 9 6 5 10 9 12 6 13 12 12 0 12 10 3 5 12 6 3 3 11 3 3 5 10 5 12 12 6 3 3 9 4 12 12 12 6 3 5 6 3 5 12 10 3 3 3 11 9 6 9 12 2 3 9 6 9 10 
1 6 3 9 12 10 3 5 10 3 9 6 5 10 13 12 2 11 5 12 10 5 12 12 6 5 12 12 10 7 9 6 13 2 9 8 10 7 9 12 6 1 6 3 13 8 2 5 12 10 9 12 12 6 11 5 2 9 12 12 2 3 3 3 3 11 3 9 10 9 10 3 3 7 9 12 12 10 9 6 13 10 3 13 10 3 3 5 6 1 6 13 6 9 2 3 5 12 6 3 
3 13 0 6 11 3 5 10 3 5 6 9 10 5 12 10 5 2 9 12 6 9 12 12 12 8 12 14 5 10 5 12 10 3 7 3 5 10 1 10 13 6 9 6 9 6 5 14 9 6 5 12 12 10 5 12 6 3 9 14 3 3 3 3 3 3 5 6 5 6 3 7 5 12 6 9 12 6 1 12 10 1 6 9 6 5 6 13 10 5 12 10 9 6 3 5 12 10 9 6 
5 10 5 12 6 5 10 7 5 8 12 6 3 9 10 3 13 6 5 12 10 3 13 8 10 3 9 12 12 6 9 12 6 5 12 6 11 3 7 5 10 9 6 13 4 10 9 12 6 9 8 12 12 2 9 10 9 6 1 10 3 5 2 5 6 3 9 8 14 9 6 9 8 14 9 6 9 12 6 11 3 3 13 2 9 10 9 8 4 14 9 6 3 9 4 12 14 3 5 14 
11 5 12 10 9 12 6 9 10 5 14 9 6 3 5 6 9 12 12 10 5 2 9 6 3 3 3 11 9 8 6 9 8 12 12 12 2 5 12 10 3 5 10 9 10 3 5 12 10 7 3 11 9 6 3 3 3 9 6 5 4 14 3 9 10 1 6 5 10 5 12 6 5 10 5 10 5 12 10 3 3 5 12 2 3 5 6 5 10 9 4 12 2 5 14 9 10 5 12 10 
1 12 12 6 3 9 10 3 5 12 12 2 9 6 9 12 6 9 10 5 10 5 6 11 3 5 6 1 6 3 9 6 3 9 12 10 3 11 9 4 4 14 3 3 3 5 12 10 5 10 3 3 3 11 3 5 6 1 12 14 9 12 6 3 5 6 13 10 5 8 10 11 9 4 10 5 10 9 6 3 5 10 13 6 3 9 12 14 5 6 9 10 7 9 10 3 3 9 10 3 
5 10 13 12 2 3 3 5 10 9 10 3 5 12 6 9 12 6 1 14 3 9 8 2 3 13 12 4 14 3 7 9 6 5 10 3 5 6 3 9 12 10 5 6 1 12 10 5 8 6 3 1 6 3 5 12 10 3 9 12 6 13 12 4 12 12 12 6 9 6 5 2 3 13 6 9 6 5 12 4 10 5 12 12 6 1 12 8 12 10 3 5 12 6 3 3 5 6 3 3 
11 5 12 10 3 3 5 12 6 3 3 3 13 8 12 6 9 12 6 9 6 3 3 7 5 12 12 12 10 5 10 1 12 12 6 5 12 10 3 3 11 3 9 10 5 14 5 10 5 12 6 3 9 2 13 10 3 7 5 10 13 8 12 12 12 12 12 12 6 11 9 6 5 12 12 6 13 8 10 9 6 11 9 8 14 3 9 6 11 3 5 10 13 8 6 3 9 14 5 2 
3 9 10 3 3 3 9 12 10 7 3 5 12 6 9 12 4 14 9 6 11 3 5 12 12 8 12 10 5 12 6 3 13 8 12 12 10 5 6 3 5 4 6 5 10 9 12 6 13 12 12 4 6 5 10 3 5 12 10 5 12 6 11 9 12 12 12 12 12 4 6 13 8 12 10 13 8 6 7 3 11 1 6 5 12 6 5 10 1 6 11 5 10 5 12 6 1 12 10 3 
5 6 5 2 3 3 3 11 5 10 5 10 9 12 6 9 14 9 6 13 4 4 12 12 10 5 10 5 10 9 10 5 10 1 12 10 5 10 11 5 10 13 10 9 4 6 9 12 12 12 10 9 10 13 4 4 10 11 5 12 12 12 4 6 9 12 12 12 12 12 8 12 2 13 4 12 2 9 12 6 5 4 10 9 10 11 9 2 5 12 4 14 1 12 10 13 4 10 5 6 
9 12 10 5 6 3 3 5 10 5 10 3 3 13 12 2 9 6 9 12 12 12 12 10 3 9 6 13 6 3 1 14 3 3 9 6 9 6 1 10 5 10 3 5 10 9 4 12 12 14 5 6 1 12 12 10 5 4 10 9 12 10 9 12 4 14 9 12 12 10 3 13 6 9 10 11 3 3 9 12 12 10 3 3 5 6 3 3 9 12 12 10 5 10 5 10 11 5 12 10 
1 10 5 12 10 5 4 10 5 10 3 3 5 12 10 3 3 13 2 13 12 12 8 6 7 5 12 12 12 6 3 9 6 3 3 9 6 13 6 5 10 3 5 12 6 3 9 12 10 9 12 10 3 9 12 6 11 9 6 5 10 3 7 9 12 12 6 11 9 6 5 12 8 6 3 3 3 3 5 10 9 6 5 6 9 8 6 7 3 13 12 2 11 3 11 3 1 12 12 6 
3 5 10 11 5 12 10 5 8 6 3 1 10 9 6 3 5 10 1 12 12 10 5 12 10 9 10 9 12 10 3 3 13 6 3 5 12 8 12 12 6 5 12 12 12 6 5 10 3 3 9 6 7 5 10 13 2 5 10 9 6 3 9 6 9 12 12 6 5 10 9 10 7 9 6 3 3 5 12 6 3 9 12 12 6 3 9 10 3 9 10 3 3 3 3 3 1 12 12 10 
7 9 2 5 12 10 5 10 7 9 6 3 5 6 9 4 14 3 3 9 14 5 10 11 5 2 5 6 13 4 2 5 12 10 1 10 13 6 9 12 8 12 12 8 12 12 10 3 3 3 3 13 8 10 1 10 5 10 3 5 10 5 6 9 6 9 12 12 12 6 3 5 10 3 9 4 6 9 12 12 6 3 13 8 12 6 3 3 1 6 3 3 1 6 3 3 7 9 10 7 
9 6 7 9 10 3 9 4 12 6 11 5 10 13 2 9 12 6 5 2 9 12 6 3 9 6 9 12 12 10 1 12 14 3 3 5 12 12 6 11 5 10 13 6 9 10 7 3 3 3 5 12 6 3 3 5 10 3 3 9 6 9 8 6 9 6 9 12 10 9 4 10 1 6 5 12 10 3 9 10 13 4 10 1 14 9 6 3 7 9 6 3 5 8 6 5 12 6 5 10 
1 12 12 6 3 5 6 9 12 10 1 12 4 12 6 3 11 9 12 6 5 10 9 4 4 14 3 9 14 3 7 9 10 3 5 12 12 10 9 4 10 5 10 9 6 5 10 3 5 6 13 8 12 6 3 9 6 1 6 5 10 3 5 10 5 12 6 11 3 5 10 3 7 9 10 13 6 5 6 5 10 9 6 3 9 6 11 5 10 3 11 5 10 7 9 10 9 12 12 2 
3 9 8 14 3 9 12 6 11 3 7 9 10 9 12 6 1 4 12 10 11 3 7 9 10 9 6 5 10 3 9 6 3 5 10 13 8 6 5 14 5 10 5 6 9 12 2 3 9 12 10 5 10 9 6 5 10 3 9 12 6 5 14 3 9 8 10 1 6 9 6 5 12 6 5 12 8 12 8 14 3 3 13 2 3 13 0 10 5 6 1 10 5 12 6 5 6 9 14 3 
5 6 3 9 2 5 12 10 3 5 10 3 5 6 9 12 6 9 10 5 6 5 10 3 5 6 9 8 2 5 6 9 4 10 5 10 3 13 8 8 12 4 12 14 3 9 6 5 6 9 6 11 3 5 12 14 3 3 3 13 8 12 12 6 3 3 7 3 13 2 11 9 12 12 12 10 5 10 7 9 6 5 10 3 5 10 7 1 10 9 6 5 8 12 12 10 9 6 9 6 
9 12 6 3 5 14 9 4 4 14 3 5 10 9 4 12 14 3 5 12 12 10 1 6 9 10 3 3 5 12 10 5 10 7 9 6 1 12 6 7 9 12 12 12 6 1 12 14 9 6 9 6 5 12 12 12 6 5 6 9 6 9 12 12 6 5 10 5 10 3 3 5 12 10 9 2 11 5 12 6 9 12 6 1 14 5 10 3 3 5 12 10 5 10 11 3 3 9 6 11 
5 10 11 5 12 12 4 14 9 12 2 11 3 3 9 12 12 6 9 8 14 3 5 10 3 3 7 5 10 9 6 11 5 10 5 10 7 9 12 12 6 9 12 12 10 3 9 10 3 13 4 8 14 9 12 8 12 14 9 4 12 6 9 8 8 14 3 9 6 3 1 12 12 6 3 3 1 12 12 12 6 9 10 7 9 12 6 7 1 14 9 6 9 6 5 4 2 3 13 2 
9 6 1 10 9 12 12 12 6 9 4 6 3 3 5 10 9 12 6 5 12 6 11 5 6 3 9 10 3 3 9 4 14 5 12 4 10 3 13 12 12 4 12 10 5 6 3 5 6 9 12 6 9 6 11 5 12 12 6 9 10 9 6 3 3 9 6 3 9 6 7 9 12 10 3 3 3 9 10 9 12 6 5 12 6 13 8 12 6 9 6 11 5 10 9 10 7 5 10 3 
5 8 6 7 3 9 10 13 8 6 9 12 6 5 14 3 5 10 13 12 12 8 4 12 14 5 6 3 3 3 3 9 12 12 12 10 5 2 9 12 12 12 10 5 10 9 6 9 10 5 12 10 5 10 1 12 8 10 9 6 3 5 10 3 7 5 12 6 5 12 12 6 11 5 6 1 6 3 5 6 13 12 12 12 8 8 6 9 12 4 12 2 11 5 6 5 8 14 5 2 
9 6 9 12 6 3 5 10 5 14 5 10 13 8 10 3 11 5 10 9 10 1 12 10 9 12 12 4 6 5 2 3 9 12 10 5 10 3 3 9 8 14 3 9 6 5 12 6 5 10 9 2 11 3 7 9 6 3 3 9 6 11 3 5 8 12 12 10 9 12 10 9 4 10 9 6 9 6 9 8 12 12 12 10 7 5 8 6 9 12 10 5 4 12 12 10 5 12 10 3 
3 11 5 12 12 6 11 5 12 8 14 5 12 6 5 6 5 10 5 6 3 5 14 5 6 9 10 9 12 12 6 3 7 9 2 9 6 3 3 7 1 12 6 5 12 12 12 8 14 3 3 5 6 5 12 6 11 3 3 5 12 6 3 11 3 11 9 6 1 14 5 4 14 3 3 11 3 11 3 5 10 9 14 3 9 10 5 10 3 13 2 13 12 12 10 3 9 10 3 3 
3 1 12 10 9 12 0 12 14 5 12 12 12 12 12 12 8 4 12 10 5 12 12 10 9 6 3 5 12 12 10 3 9 6 7 3 13 6 5 10 3 13 12 8 12 12 10 7 9 6 3 9 10 9 12 12 2 3 1 12 12 10 5 2 3 3 5 10 7 9 12 12 10 3 3 3 3 5 4 10 3 1 10 3 3 5 10 7 1 10 5 12 12 10 1 4 6 7 3 3 
3 5 14 1 6 11 5 12 12 12 12 8 12 10 9 14 5 12 10 3 13 8 14 5 6 11 5 12 10 13 6 3 1 12 10 3 9 12 12 6 3 9 10 3 9 14 3 9 6 9 4 6 5 6 13 10 5 6 5 12 10 3 9 6 3 1 10 5 10 5 12 10 3 1 4 6 3 9 10 7 3 7 3 3 1 10 5 10 7 5 8 12 10 3 7 9 10 9 6 3 
5 12 10 5 10 1 8 10 9 12 10 3 11 3 5 12 12 10 3 5 10 3 9 12 12 4 12 10 5 10 9 6 5 14 3 5 6 9 12 10 3 3 5 6 1 12 6 1 10 5 10 9 12 12 10 5 12 12 8 10 3 5 6 9 6 7 1 10 5 12 10 3 3 3 9 12 6 3 5 12 6 9 6 3 3 5 10 5 12 10 5 10 3 3 9 6 5 6 9 6 
11 9 6 9 6 3 3 3 3 9 6 3 5 4 12 12 10 3 3 13 4 2 3 9 12 12 10 1 10 5 6 9 12 12 4 12 10 3 13 6 5 6 9 14 5 12 10 3 5 10 5 6 9 14 5 12 12 12 6 3 5 10 11 3 9 12 6 3 9 10 5 6 3 7 3 9 10 5 10 9 12 4 12 6 5 10 3 13 12 2 13 6 3 5 6 9 12 10 5 10 
1 6 9 6 13 6 3 3 3 5 10 3 9 10 9 10 5 2 5 10 13 6 3 7 9 8 6 3 7 9 8 6 9 10 13 8 6 5 8 8 14 9 4 10 9 12 6 5 10 5 10 11 1 12 8 12 10 13 10 3 13 4 6 3 3 13 12 2 3 5 12 10 5 10 5 2 3 9 6 3 9 12 12 10 9 6 5 12 10 5 12 12 2 9 12 6 9 6 9 6 
3 13 4 12 12 12 6 3 5 10 3 5 6 3 3 5 10 3 11 5 12 12 6 9 6 7 9 2 9 6 5 12 6 5 10 5 12 10 7 3 9 6 11 5 6 9 8 14 5 10 3 1 6 11 5 10 5 12 2 3 9 12 12 6 5 12 10 7 3 13 10 1 14 5 10 7 3 1 10 1 6 13 10 3 7 9 12 10 3 9 10 13 6 3 13 10 5 10 3 11 
5 12 12 10 11 9 10 5 12 6 1 14 9 6 3 13 6 5 2 9 12 12 10 3 9 12 2 7 3 9 8 12 12 10 3 9 10 5 10 3 3 9 4 10 9 6 5 12 12 6 3 5 8 4 14 3 13 12 6 3 3 13 8 8 12 10 5 12 4 12 6 5 8 10 5 12 6 7 3 3 9 10 5 4 12 6 13 4 2 3 5 12 10 5 12 2 11 5 6 3 
11 9 10 3 5 6 5 8 14 9 6 9 6 9 4 12 8 10 5 6 9 10 5 2 5 10 7 9 6 3 7 9 10 7 5 6 5 10 5 6 3 3 11 3 5 12 8 12 12 10 3 13 6 9 10 3 9 12 12 6 1 10 7 1 10 5 12 12 10 9 10 9 6 5 10 9 8 12 6 3 3 5 12 12 12 10 9 10 7 3 11 9 4 12 10 3 5 12 12 2 
3 3 5 6 9 12 10 3 9 6 11 5 10 1 12 14 3 1 12 12 6 7 9 6 9 6 9 6 11 1 10 3 5 10 9 12 10 3 9 12 6 5 6 1 12 14 3 9 10 7 3 9 12 6 5 2 5 12 10 13 6 1 10 3 3 13 8 10 3 3 5 6 11 9 6 7 5 10 9 6 5 10 9 8 14 5 6 5 10 3 3 5 10 9 6 5 12 12 12 2 
3 5 12 12 6 9 6 3 5 12 2 11 3 3 9 12 6 3 9 12 10 9 6 11 5 12 6 13 4 6 3 3 11 3 5 10 5 2 5 12 10 9 12 6 9 12 6 3 5 12 6 3 9 12 10 3 13 10 3 9 10 7 3 3 5 10 3 3 5 6 9 14 1 6 9 12 10 3 5 10 9 6 3 5 12 12 8 10 5 6 1 14 3 7 9 8 12 8 14 3 
1 10 9 8 10 3 9 4 8 14 5 2 3 7 3 9 10 7 5 10 3 3 9 4 12 12 10 9 12 12 6 1 6 3 9 2 13 4 12 14 3 1 10 9 6 9 12 6 9 8 12 6 3 11 3 3 9 6 5 6 5 12 6 7 9 6 3 1 12 14 1 12 6 13 2 13 4 6 13 2 5 10 7 9 12 10 3 5 8 12 6 9 2 9 6 5 10 7 9 6 
3 5 6 3 7 3 5 10 5 10 9 6 5 10 1 6 5 12 10 3 3 3 1 12 12 10 3 3 9 12 10 3 9 2 3 7 9 12 12 12 6 3 5 6 9 6 11 9 6 3 9 14 3 3 3 3 5 8 10 9 12 8 12 12 6 13 2 7 9 10 5 12 12 10 3 9 12 12 10 5 10 3 9 6 9 6 5 10 5 10 9 6 7 3 9 12 6 9 6 11 
5 10 9 6 9 6 11 5 10 3 3 9 12 6 5 12 10 11 5 6 5 6 3 9 14 3 3 3 3 11 5 6 3 7 5 10 5 10 9 12 10 3 9 10 5 10 1 6 9 6 3 9 6 3 3 5 12 6 3 3 11 5 10 9 12 10 1 10 3 3 9 10 9 6 3 3 13 10 5 10 7 5 6 11 5 10 13 4 14 3 5 12 12 6 5 12 12 6 9 6 
11 3 5 12 6 9 4 10 3 5 6 5 10 9 12 10 5 4 12 10 9 12 6 3 9 6 5 2 3 5 12 10 5 12 10 1 10 3 7 9 6 3 7 5 10 3 7 9 6 11 1 6 9 6 5 12 8 14 3 3 1 10 5 6 9 6 3 5 6 3 3 5 6 9 6 5 10 1 10 5 12 12 12 4 10 5 10 9 10 1 10 9 12 8 14 9 12 12 4 10 
1 6 13 10 9 6 11 5 6 11 9 10 5 6 9 2 13 12 12 2 5 10 13 2 3 13 12 6 3 9 8 4 14 9 2 3 7 5 10 1 12 4 12 12 6 5 10 1 10 3 5 10 1 8 10 9 2 9 6 5 6 3 9 10 3 9 6 13 10 3 3 9 12 4 12 10 3 7 3 9 12 12 12 10 3 9 6 3 3 3 5 6 11 3 9 6 11 9 12 6 
3 13 8 2 3 13 4 12 12 0 6 5 12 10 3 7 9 12 10 3 13 4 12 6 3 9 12 12 6 3 7 9 12 6 3 5 12 10 3 7 9 12 12 12 12 12 6 3 3 1 14 3 7 3 7 3 3 5 12 10 13 6 3 5 6 5 12 12 2 5 6 5 12 8 14 5 2 9 2 5 10 9 12 6 3 5 12 6 3 5 12 12 2 5 6 9 2 5 12 10 
5 10 3 7 3 9 12 12 10 3 13 12 10 3 5 10 3 9 6 5 12 10 9 10 3 3 13 8 10 5 10 3 9 10 3 9 8 6 5 10 1 12 12 12 12 10 11 3 3 5 12 4 12 2 9 6 5 8 14 5 12 10 5 10 9 12 8 14 3 9 10 9 12 6 9 10 5 6 7 9 6 3 9 10 1 10 9 10 5 12 12 10 3 9 10 7 5 12 10 3 
9 6 5 8 4 6 9 10 3 5 12 12 2 5 10 5 6 5 12 10 13 4 6 3 3 3 9 6 5 12 2 5 6 3 7 3 7 9 12 6 3 9 12 12 12 6 1 6 5 10 9 10 13 2 5 10 13 6 9 12 12 6 9 6 3 9 2 9 6 7 5 4 10 9 6 5 12 12 10 3 13 4 6 5 6 3 7 1 10 9 10 3 1 6 5 12 12 12 6 3 
5 12 10 7 9 10 3 7 5 12 10 13 6 9 4 10 13 12 10 3 9 10 11 3 5 4 6 11 9 12 6 9 10 5 10 5 12 6 9 10 7 5 12 12 10 11 3 13 10 5 6 5 10 5 10 3 9 12 6 13 8 10 3 9 6 3 7 5 10 9 10 13 6 3 9 12 10 9 6 1 12 10 9 12 10 3 9 6 5 2 7 3 3 9 12 12 12 12 10 3 
9 10 5 10 3 3 1 12 12 10 5 12 10 5 10 5 8 12 6 1 6 3 3 5 12 10 9 4 6 13 12 2 5 10 5 12 8 12 6 5 12 12 12 10 3 3 5 12 2 13 10 9 6 11 3 5 6 9 12 12 6 5 6 5 10 3 9 12 6 3 1 12 12 6 5 14 3 3 11 3 9 6 1 10 7 1 6 9 10 7 9 6 7 3 9 10 11 9 6 3 
3 7 9 6 3 3 5 12 14 3 9 10 5 12 6 9 6 9 10 7 9 6 1 10 9 6 3 13 12 8 12 6 9 6 9 10 5 12 12 10 11 9 10 5 6 1 14 9 6 9 2 5 10 3 3 9 12 6 13 8 10 9 12 10 3 5 6 9 8 6 7 9 10 9 10 9 2 3 1 6 3 9 6 3 9 6 9 6 5 12 6 9 10 5 6 3 3 5 10 3 
1 12 6 13 2 5 12 12 10 5 2 5 12 8 14 3 9 6 3 9 6 9 2 7 5 10 1 12 12 6 9 10 3 9 6 5 10 9 12 6 1 6 1 12 10 1 12 4 12 6 5 10 3 3 5 6 9 12 8 6 5 6 9 6 5 10 9 6 5 12 12 6 5 6 3 3 7 3 5 14 3 5 14 5 4 14 5 10 13 8 10 3 3 9 12 6 1 14 3 3 
5 12 12 12 6 9 12 14 5 10 3 9 10 5 12 6 3 9 6 3 13 6 5 12 10 3 7 9 12 10 3 5 6 5 12 10 7 3 9 12 4 14 3 11 3 7 9 12 10 9 10 7 3 1 12 12 6 9 6 13 12 10 3 13 10 3 3 9 10 9 12 12 10 9 6 3 9 4 12 12 2 9 12 10 9 12 12 6 9 6 5 6 5 6 9 12 4 10 5 2 
9 8 12 12 10 1 12 12 10 3 5 6 5 12 14 9 6 3 9 6 9 12 12 12 6 5 10 5 10 3 5 12 12 10 9 6 9 6 7 9 10 9 6 1 6 9 6 9 6 3 5 12 6 3 13 10 9 6 9 12 12 6 3 9 2 3 5 6 3 5 10 9 6 5 10 5 6 9 10 13 6 5 10 5 6 9 10 9 2 9 12 12 12 10 5 10 9 4 10 3 
3 5 12 10 3 5 10 11 3 3 9 12 12 12 12 6 13 4 6 13 2 9 12 10 9 12 4 12 6 5 12 12 10 5 2 9 6 13 8 6 5 6 11 5 12 6 11 5 10 3 9 10 11 5 10 3 3 11 1 12 12 12 6 3 7 5 10 9 6 13 6 5 12 10 5 12 12 6 3 9 12 12 6 9 12 6 3 3 3 3 9 8 14 5 10 7 5 10 3 3 
7 9 12 6 5 10 3 3 3 3 3 9 12 12 12 12 12 12 12 10 5 2 11 3 3 9 14 9 12 10 13 10 5 10 7 1 12 10 5 10 11 9 2 9 10 9 0 10 3 3 3 3 3 9 6 3 3 3 3 9 12 10 9 6 9 10 3 5 12 12 12 10 9 4 8 12 14 9 2 5 12 10 9 6 9 14 3 3 3 3 7 3 9 12 6 9 12 6 7 3 
9 6 9 10 9 6 3 3 5 6 3 3 13 12 8 10 13 8 10 5 10 5 2 5 4 6 9 4 14 3 9 4 14 5 10 7 9 6 9 6 3 3 3 3 5 6 3 3 5 6 3 3 3 5 10 3 3 1 6 3 13 4 6 9 6 3 3 11 9 8 14 3 3 13 6 9 12 6 3 9 10 5 6 9 2 9 6 3 5 4 12 6 5 10 9 2 9 10 9 6 
1 12 6 3 5 14 3 1 12 10 3 3 9 12 6 5 10 7 1 10 3 13 4 14 9 10 3 11 9 6 1 12 12 12 4 12 6 9 6 13 4 6 1 6 9 12 6 7 9 12 2 3 1 10 1 6 3 5 10 1 12 10 9 6 9 2 3 5 2 5 12 4 6 9 12 6 13 12 4 6 3 13 10 3 3 3 13 4 12 10 9 12 10 3 7 5 6 5 4 10 
5 14 9 2 9 10 3 5 10 5 6 3 1 10 9 10 5 10 7 3 5 10 9 12 6 5 6 3 5 10 7 9 12 12 10 9 12 4 12 12 12 10 3 11 5 12 12 12 4 10 3 5 2 7 3 9 6 11 3 3 11 3 5 10 3 7 5 10 3 11 9 12 12 2 9 12 12 10 11 9 4 12 6 3 5 6 9 12 10 3 3 13 4 6 9 10 9 12 10 3 
9 12 6 7 3 3 5 10 5 8 10 3 3 5 6 5 10 3 9 2 11 5 6 13 12 8 12 4 10 5 12 6 13 10 3 5 10 11 9 8 14 3 5 4 10 11 9 10 13 6 1 10 3 9 6 5 10 1 6 5 6 5 8 6 5 10 9 6 3 3 5 10 13 6 5 12 10 3 5 2 9 12 12 6 13 12 2 11 3 7 3 9 10 9 6 5 6 9 6 3 
1 10 9 12 6 5 10 5 10 3 5 6 7 9 12 10 3 5 6 5 4 10 9 12 12 6 9 10 3 9 10 9 10 3 3 11 3 5 6 3 9 6 9 14 3 3 3 5 12 10 7 3 7 3 11 9 6 5 10 9 12 10 7 9 8 6 3 9 6 3 9 6 9 12 12 12 2 5 10 3 5 12 10 9 12 10 3 3 5 10 5 6 3 5 10 13 10 5 10 3 
3 5 6 13 12 10 3 9 6 3 9 8 12 6 9 6 3 9 10 13 10 3 3 9 12 12 6 5 6 3 5 6 1 6 3 1 6 9 12 6 3 13 0 10 5 2 5 10 13 4 10 1 10 3 3 5 12 10 5 6 13 4 12 6 7 9 6 5 12 2 3 9 6 9 12 10 5 14 3 3 9 12 6 3 13 2 3 3 9 6 9 12 0 14 5 10 1 14 3 3 
5 10 9 12 12 2 3 5 10 3 7 3 9 12 6 9 6 3 3 9 2 3 3 3 9 12 10 9 10 3 9 14 3 9 6 3 13 4 12 10 5 10 3 5 10 5 10 5 12 10 3 7 5 4 4 14 9 6 9 12 10 9 12 12 10 5 10 9 10 3 3 5 10 3 13 2 9 10 3 3 5 12 10 5 10 5 6 3 5 10 3 9 6 9 10 5 2 9 6 3 
9 6 3 13 8 6 3 9 6 3 9 6 3 9 12 6 9 6 3 3 7 5 6 3 1 10 3 3 5 6 3 9 6 5 10 5 12 12 10 1 10 3 7 9 6 9 6 13 10 3 5 12 12 12 12 10 1 10 3 11 5 6 9 12 2 9 6 3 3 3 1 14 3 5 10 5 6 5 6 3 9 14 5 12 6 13 8 2 9 6 3 5 14 3 1 14 3 3 11 3 
5 10 1 10 3 11 3 3 9 6 3 13 4 6 9 12 6 9 6 1 12 12 12 6 3 3 5 6 11 9 2 1 14 9 6 9 10 11 3 3 7 5 10 1 12 6 9 12 2 3 9 12 12 10 9 6 7 1 4 6 9 10 3 13 2 5 12 6 3 7 3 9 6 11 3 9 10 13 12 2 5 12 12 8 8 12 6 3 3 13 4 8 12 6 5 12 6 3 5 6 
9 6 7 3 3 3 3 3 3 11 1 12 12 12 0 14 9 6 11 3 13 12 12 12 6 3 9 10 1 6 5 6 9 6 9 6 3 5 4 6 9 10 3 5 8 12 6 13 6 3 1 12 10 7 5 12 10 3 9 12 6 3 5 10 5 14 9 10 5 12 2 3 9 2 5 6 5 12 10 5 12 12 10 7 1 10 11 3 5 12 10 5 8 12 12 10 9 6 9 10 
5 10 9 6 3 3 3 3 3 5 4 14 9 10 7 9 6 9 6 5 12 12 10 9 12 6 7 1 6 9 12 10 5 12 4 10 3 9 12 12 6 5 6 13 6 9 12 12 10 3 3 11 5 12 12 12 6 7 3 9 12 6 9 2 9 12 6 5 8 14 3 5 6 3 9 12 8 14 5 8 10 11 5 10 7 3 3 3 9 12 6 9 6 9 10 7 5 12 6 3 
11 3 3 11 3 3 5 6 5 12 12 12 6 5 12 6 13 4 12 12 12 10 3 5 8 12 10 5 10 5 10 5 12 12 10 7 3 1 12 10 9 12 12 12 12 6 9 10 5 6 5 0 12 12 12 10 9 12 6 3 13 8 2 7 1 12 12 10 5 12 6 9 12 6 7 9 6 9 10 7 3 5 12 4 12 6 5 6 5 10 9 6 9 6 5 12 12 12 12 2 
1 6 3 1 6 1 8 10 13 12 12 8 10 9 12 8 12 12 10 9 12 6 5 10 7 9 6 9 6 11 5 12 10 11 3 9 6 3 11 3 3 9 10 13 12 8 6 5 12 12 12 6 9 12 10 5 6 11 9 6 9 6 3 9 6 9 10 5 12 12 14 3 9 12 8 6 9 6 5 12 2 9 10 9 10 9 12 10 9 6 3 11 3 9 12 12 8 8 14 3 
5 12 6 3 11 3 3 3 9 12 10 3 3 5 10 5 12 10 5 2 9 8 14 5 10 3 11 3 9 6 9 12 6 1 6 3 11 1 6 3 5 6 3 9 10 5 12 14 9 12 10 9 4 14 3 11 9 4 4 10 3 13 2 5 10 3 5 12 10 9 10 5 2 13 6 9 2 9 12 10 7 3 5 6 5 6 11 5 6 9 6 3 3 7 9 10 3 5 12 6 
11 9 12 6 1 6 3 5 6 9 6 3 3 11 5 10 11 3 13 6 3 5 12 10 3 3 3 3 3 9 6 9 14 5 12 6 3 3 9 6 9 10 3 3 5 12 12 8 4 14 3 5 10 9 6 5 6 9 10 3 5 10 5 14 3 5 12 10 5 6 5 12 6 9 12 6 3 5 10 5 10 5 10 9 12 12 0 14 9 6 9 6 5 12 6 3 5 10 9 10 
3 3 13 8 6 11 3 9 12 6 9 6 1 6 9 6 3 3 9 10 5 10 11 5 6 3 5 4 2 5 10 5 8 14 9 8 6 3 5 12 6 3 1 6 11 9 10 5 14 9 6 9 6 5 12 10 9 6 3 5 8 6 9 12 4 12 10 3 9 10 13 12 10 3 13 12 6 9 6 11 5 12 6 3 9 12 6 9 6 13 4 12 8 10 11 5 10 3 7 3 
3 5 10 5 8 6 3 1 12 12 6 13 2 9 4 12 6 3 3 5 10 3 1 12 8 6 9 10 5 10 5 10 3 9 6 5 12 4 10 9 12 6 1 12 6 3 3 9 10 5 8 6 9 12 10 5 6 11 3 9 6 9 6 11 9 10 7 3 3 3 9 12 2 5 12 12 12 6 9 4 14 9 8 6 5 14 9 6 9 8 12 12 6 1 6 9 6 5 10 3 
5 10 5 10 3 9 6 3 9 12 12 10 7 3 9 10 9 6 3 9 6 3 3 9 6 9 6 5 10 5 14 3 1 6 9 10 9 10 3 3 13 12 6 9 12 6 5 6 5 10 5 12 6 11 5 12 12 2 3 5 10 5 10 3 3 5 10 3 3 5 6 9 6 13 12 8 12 14 1 12 12 6 5 10 9 12 6 13 2 3 9 12 10 7 9 6 9 14 3 3 
9 0 14 3 7 3 13 6 1 12 14 3 9 6 3 5 6 9 6 5 10 5 6 3 11 3 11 9 6 9 8 6 5 10 3 5 6 3 3 5 12 12 10 5 12 10 11 9 12 6 9 14 9 0 12 8 14 3 5 10 3 9 6 3 3 11 3 3 5 10 9 6 9 10 9 6 9 10 5 10 13 12 10 5 6 9 12 12 2 7 3 11 3 9 6 13 0 10 5 2 
3 7 9 6 9 2 9 10 3 9 12 2 3 11 5 12 12 4 8 14 3 9 12 6 3 3 3 5 8 6 7 9 10 3 3 11 9 6 5 12 12 14 5 12 12 4 6 3 9 12 4 12 2 3 13 6 9 6 9 6 3 3 13 2 5 2 5 6 9 6 5 12 6 3 3 9 6 5 10 5 10 9 4 14 9 4 12 10 7 9 6 3 3 3 9 10 3 5 12 6 
1 12 6 13 2 7 3 3 3 3 11 3 3 1 14 9 12 10 3 9 6 3 13 12 2 3 5 10 3 9 10 3 3 3 3 1 6 9 12 10 9 12 12 10 9 12 8 6 7 9 12 10 7 5 10 9 6 11 5 10 7 1 12 6 9 6 9 8 2 9 12 12 10 3 3 5 12 10 5 12 6 3 9 12 6 9 12 2 9 6 13 2 5 2 3 3 5 12 10 11 
5 10 9 12 2 9 6 5 6 3 3 3 3 5 10 3 9 6 7 5 12 4 12 12 2 5 10 1 6 3 5 6 3 7 3 5 12 6 11 5 6 9 10 5 6 9 6 9 12 4 14 3 9 8 6 3 9 2 11 5 12 6 9 12 6 9 6 3 7 3 9 12 6 3 1 12 10 5 10 9 12 2 5 10 11 3 9 6 3 9 12 6 9 6 3 5 10 11 3 3 
11 3 5 10 7 5 12 12 10 3 1 6 5 12 2 3 5 8 12 12 10 13 12 8 6 11 3 7 9 4 12 10 3 9 6 9 12 12 0 12 14 3 3 9 10 5 10 5 10 9 12 6 3 7 9 4 6 5 4 14 9 10 5 10 13 4 10 5 12 6 3 11 9 6 5 10 7 9 6 5 10 5 12 2 3 3 5 14 3 5 12 10 3 9 6 9 6 3 3 3 
3 3 9 6 9 12 8 14 3 3 5 12 10 9 6 5 10 7 9 10 3 9 10 3 9 2 5 12 6 9 10 3 3 3 13 4 8 14 3 9 12 6 5 6 5 12 6 9 6 5 10 9 6 9 6 11 9 12 12 12 6 1 10 5 10 13 4 10 9 12 6 5 4 8 12 6 9 6 13 12 2 9 10 5 6 3 9 10 5 12 10 5 6 1 14 3 9 4 4 2 
1 6 3 9 6 11 5 12 6 5 12 10 3 5 12 10 5 12 6 3 5 6 3 3 3 5 14 9 12 6 3 3 3 5 12 10 7 9 6 5 10 13 12 12 12 12 10 3 13 10 3 1 10 5 10 3 5 8 14 9 10 3 5 14 5 10 13 6 5 12 12 10 13 6 9 10 5 12 12 10 3 3 5 12 10 5 6 1 10 9 6 9 12 6 9 6 7 9 10 7 
3 9 6 3 9 4 12 12 8 14 9 6 3 9 10 3 9 12 10 5 10 11 3 5 6 9 12 6 11 9 6 7 5 8 10 1 10 1 12 12 6 9 8 12 12 10 3 3 9 2 3 7 5 10 3 3 9 6 9 6 5 6 9 12 12 6 9 12 12 12 10 3 9 10 3 5 10 9 10 3 3 3 9 10 3 9 8 6 7 5 12 6 9 10 5 12 12 6 5 10 
3 5 10 3 3 9 12 10 5 10 3 11 5 2 7 5 6 11 5 10 3 5 4 12 12 6 9 12 4 6 13 8 10 7 3 7 3 5 12 12 12 6 7 9 10 3 3 3 3 7 5 12 10 1 6 3 5 10 5 12 12 12 6 11 9 12 4 12 10 9 6 5 6 3 5 10 5 6 5 6 3 5 6 3 5 6 7 9 12 8 12 12 2 7 9 10 9 10 9 2 
5 10 1 6 7 5 10 3 9 2 3 5 12 6 9 12 8 4 10 3 3 9 12 12 10 11 5 10 13 12 8 6 5 10 5 10 1 10 9 10 9 12 10 3 3 5 6 3 3 9 12 12 6 5 12 4 10 5 10 9 8 8 12 6 3 9 12 12 6 5 12 12 10 1 10 3 9 12 12 10 3 9 10 5 10 9 12 6 11 5 12 10 3 9 6 5 6 3 3 7 
9 6 3 9 10 9 6 3 3 7 5 12 10 9 4 14 5 10 7 3 5 6 9 10 3 1 12 4 12 12 6 9 14 5 10 3 3 5 6 5 6 11 5 6 5 12 12 4 6 3 11 9 10 9 10 9 6 9 6 7 3 3 9 12 6 3 9 10 9 12 10 11 3 7 5 2 5 12 14 5 6 3 5 10 3 3 13 8 6 9 12 6 7 3 13 12 8 6 5 10 
5 10 5 6 5 6 11 3 1 8 10 9 6 5 10 9 10 1 12 6 13 10 3 1 6 7 9 12 12 12 10 1 8 14 3 3 1 12 12 12 12 2 13 8 12 10 11 9 12 6 1 6 5 6 5 6 11 3 9 10 3 7 3 9 12 6 3 3 3 9 6 3 5 12 10 5 12 12 10 9 10 5 10 3 3 5 12 2 9 6 9 12 10 5 12 10 5 12 10 3 
11 5 10 9 10 11 1 6 7 3 7 5 12 12 6 3 3 3 13 8 10 3 3 7 9 10 5 10 9 12 6 3 5 12 6 3 7 9 10 9 14 5 10 1 10 1 6 5 10 9 6 13 12 12 8 12 2 5 6 3 5 12 6 3 9 10 3 5 6 3 9 4 12 10 5 10 13 10 5 6 3 9 6 3 5 10 9 6 3 9 4 14 1 12 14 5 10 13 4 2 
1 10 3 3 3 1 6 13 8 2 9 12 12 12 12 6 3 5 12 6 5 2 5 12 6 5 12 6 5 10 9 6 9 12 10 5 12 6 3 5 10 9 6 7 3 3 9 12 6 3 9 12 12 10 1 14 3 9 10 5 10 9 12 6 3 3 5 8 10 5 6 9 14 5 10 5 10 1 12 12 4 6 11 5 10 5 4 14 3 3 11 9 6 9 8 10 3 9 10 3 
7 3 5 6 3 5 12 12 6 3 5 10 9 12 12 12 4 12 12 12 10 5 12 12 12 12 12 10 9 6 3 13 0 10 5 12 12 10 1 10 1 6 9 10 3 3 3 11 9 6 5 10 9 6 3 9 6 3 5 10 5 6 9 12 6 5 10 7 3 9 12 4 8 14 3 9 6 7 9 10 9 12 4 14 3 9 12 10 1 4 6 5 12 6 3 3 3 3 3 3 
9 2 11 9 6 9 12 12 12 4 10 3 7 9 12 10 9 14 9 12 6 9 12 10 9 12 10 7 3 11 5 10 7 5 12 10 9 6 7 3 5 12 6 5 6 3 3 1 6 9 12 6 5 10 7 5 12 4 14 5 8 12 2 13 12 10 5 10 3 3 13 10 3 9 6 5 12 10 3 3 1 12 12 12 6 3 11 3 5 10 9 12 12 10 3 3 5 6 3 3 
3 5 6 3 13 4 14 9 10 13 6 5 12 2 9 6 5 10 3 13 8 6 9 6 3 11 3 9 6 1 10 5 12 12 10 3 5 12 10 3 9 10 11 9 12 6 3 5 12 6 13 12 12 4 12 12 12 12 12 10 3 9 6 9 10 5 12 4 6 5 10 3 3 3 9 10 11 3 3 3 5 12 12 12 12 6 1 6 11 3 5 10 13 4 2 5 14 9 6 3 
5 12 10 5 12 12 10 3 5 12 12 12 10 7 5 10 9 2 5 12 6 11 5 10 3 3 3 3 9 2 7 9 12 10 5 6 9 12 6 5 6 3 3 5 10 11 5 12 10 9 12 12 10 9 14 9 12 12 12 6 7 5 12 6 5 12 10 9 12 12 4 6 5 2 3 3 3 5 6 5 12 12 10 11 9 12 4 10 5 6 9 6 9 10 7 9 12 6 9 6 
9 10 5 12 10 9 6 3 9 12 8 14 5 12 12 6 3 3 9 12 12 0 10 3 3 3 5 6 7 3 9 6 11 5 12 10 3 9 12 10 9 6 5 8 4 4 14 9 2 3 9 10 3 5 8 6 9 8 12 12 12 12 12 12 12 10 3 3 9 12 10 9 10 5 6 3 5 10 9 12 8 14 3 1 6 9 10 5 10 9 6 9 6 3 9 6 9 12 6 11 
3 5 8 12 6 5 10 3 5 14 1 12 8 12 14 9 2 7 3 9 12 6 7 5 6 1 10 9 12 2 5 10 5 12 10 3 3 5 10 3 1 12 10 3 9 10 9 6 3 5 6 3 5 10 5 12 6 3 9 12 10 9 10 13 12 4 6 3 3 11 5 6 5 10 13 4 8 6 3 11 3 9 6 5 10 3 3 9 6 3 9 6 11 5 6 9 6 9 10 3 
1 10 7 9 8 10 3 5 12 10 5 10 5 10 9 6 5 12 6 5 12 12 8 12 12 6 1 6 13 4 14 5 12 12 2 3 5 12 6 3 7 9 6 3 3 5 6 11 5 10 11 3 11 5 12 10 13 6 3 11 3 3 5 12 12 12 10 7 3 3 9 12 10 5 10 13 6 9 6 3 3 3 9 10 3 3 3 5 12 2 3 11 1 8 14 5 12 6 5 2 
7 3 9 6 3 3 5 10 9 6 11 3 11 3 5 12 10 11 9 8 10 9 2 9 12 10 7 9 12 12 12 12 12 10 3 1 12 12 14 3 9 6 11 3 5 10 13 0 10 3 3 5 2 13 10 5 10 9 6 3 3 3 9 12 10 11 5 10 5 2 5 10 5 8 6 9 10 3 9 6 3 3 7 5 6 3 5 10 11 3 3 1 6 5 12 12 12 8 10 3 
9 6 5 10 3 7 9 6 5 10 3 3 3 3 9 12 6 5 6 3 3 3 7 3 11 5 12 6 9 12 12 10 11 5 6 5 12 12 12 6 5 10 3 5 10 5 10 7 5 4 4 14 5 12 2 11 5 6 13 2 3 3 3 11 5 4 10 5 12 6 11 5 10 7 9 6 5 6 3 9 6 5 10 9 10 5 10 3 5 6 3 5 12 10 13 8 10 3 7 3 
5 12 12 6 5 12 4 12 12 6 5 4 6 5 4 12 12 12 12 6 7 5 12 4 4 12 12 12 6 13 12 4 4 12 12 12 12 12 12 12 12 6 5 12 4 14 5 12 12 12 12 12 12 12 4 4 12 12 12 6 5 4 6 5 12 12 4 12 12 12 4 14 5 12 4 12 12 12 6 5 12 12 4 6 5 12 6 5 12 12 6 13 12 4 12 6 7 5 12 2 
